0 0.0796875 0.5203125 0.1015625 0.11953125
0 0.0703125 0.85703125 0.07734375 0.10234375
0 0.38515625 0.525 0.07734375 0.09921875
0 0.709375 0.52578125 0.08125 0.09453125
0 0.3890625 0.85859375 0.0828125 0.09453125
0 0.7078125 0.8546875 0.07265625 0.09453125
0 0.18828125 0.44140625 0.21796875 0.19140625
0 0.17578125 0.78046875 0.23125 0.23125
0 0.49921875 0.7875 0.21953125 0.20234375
0 0.82890625 0.77734375 0.21484375 0.2140625
0 0.8265625 0.4453125 0.21953125 0.1953125
0 0.50234375 0.43984375 0.196875 0.18515625
0 0.7015625 0.23046875 0.07890625 0.09453125
0 0.821875 0.1609375 0.22109375 0.2109375