0 0.08125 0.51953125 0.1015625 0.11875
0 0.071875 0.85390625 0.07734375 0.1015625
0 0.384375 0.5234375 0.0765625 0.0984375
0 0.70703125 0.52421875 0.08125 0.09453125
0 0.3890625 0.85546875 0.0828125 0.09453125
0 0.70546875 0.8515625 0.07265625 0.09453125
0 0.1890625 0.440625 0.2171875 0.18984375
0 0.1765625 0.778125 0.2296875 0.2296875
0 0.4984375 0.78515625 0.21796875 0.2015625
0 0.82578125 0.775 0.2140625 0.2125
0 0.82421875 0.44453125 0.21796875 0.19453125
0 0.50078125 0.4390625 0.1953125 0.184375
0 0.7 0.23125 0.078125 0.09453125
0 0.81875 0.1625 0.21953125 0.21015625