0 0.0234375 0.4734375 0.046875 0.1296875
0 0.01171875 0.83984375 0.0234375 0.1109375
0 0.32578125 0.47890625 0.084375 0.10859375
0 0.6796875 0.4796875 0.0890625 0.10390625
0 0.33046875 0.84375 0.090625 0.10390625
0 0.678125 0.8390625 0.0796875 0.10390625
0 0.11484375 0.38671875 0.2296875 0.20859375
0 0.11171875 0.75703125 0.2234375 0.253125
0 0.45078125 0.765625 0.23984375 0.22109375
0 0.8109375 0.7546875 0.23515625 0.23359375
0 0.80859375 0.39140625 0.23984375 0.21328125
0 0.45390625 0.3859375 0.21484375 0.20234375
0 0.671875 0.1578125 0.0859375 0.10390625
0 0.803125 0.0984375 0.240625 0.196875