0 0.03359375 0.5375 0.0671875 0.13046875
0 0.021875 0.90625 0.04375 0.1125
0 0.3484375 0.54296875 0.08515625 0.109375
0 0.7046875 0.54375 0.08984375 0.1046875
0 0.353125 0.91015625 0.09140625 0.1046875
0 0.703125 0.90546875 0.08046875 0.1046875
0 0.13125 0.45078125 0.23984375 0.21015625
0 0.121875 0.82265625 0.24375 0.2546875
0 0.4734375 0.83203125 0.24140625 0.22265625
0 0.83671875 0.82109375 0.23671875 0.23515625
0 0.83359375 0.4546875 0.24140625 0.21484375
0 0.4765625 0.44921875 0.21640625 0.20390625
0 0.696875 0.21953125 0.08671875 0.1046875
0 0.828125 0.14296875 0.24296875 0.23203125