0 0.91875 0.47578125 0.1140625 0.128125
0 0.959375 0.80625 0.08125 0.109375
0 0.6171875 0.5109375 0.0859375 0.10625
0 0.296875 0.54609375 0.090625 0.103125
0 0.64765625 0.8421875 0.0921875 0.103125
0 0.33203125 0.87109375 0.0828125 0.1015625
0 0.803125 0.40859375 0.2359375 0.2109375
0 0.85078125 0.74296875 0.253125 0.253125
0 0.53125 0.78359375 0.2375 0.2234375
0 0.2046875 0.8078125 0.234375 0.234375
0 0.171875 0.47890625 0.2375 0.215625
0 0.49296875 0.43984375 0.2140625 0.203125
0 0.27265625 0.25390625 0.0875 0.1015625
0 0.14765625 0.19765625 0.240625 0.23125