0 0.91875 0.48046875 0.1015625 0.11875
0 0.928125 0.14609375 0.078125 0.1015625
0 0.615625 0.4765625 0.0765625 0.0984375
0 0.29296875 0.47578125 0.08125 0.09375
0 0.6109375 0.14453125 0.0828125 0.09375
0 0.29453125 0.1484375 0.071875 0.09375
0 0.8109375 0.559375 0.2171875 0.190625
0 0.8234375 0.221875 0.2296875 0.2296875
0 0.5015625 0.21484375 0.21875 0.2015625
0 0.17421875 0.225 0.2140625 0.2125
0 0.17578125 0.55546875 0.21875 0.1953125
0 0.49921875 0.5609375 0.1953125 0.184375
0 0.3 0.76875 0.078125 0.09375
0 0.18125 0.8375 0.21875 0.209375