0 0.10546875 0.35859375 0.13125 0.14375
0 0.19375 0.0484375 0.103125 0.096875
0 0.39609375 0.44375 0.1015625 0.1171875
0 0.7046875 0.5375 0.1046875 0.1140625
0 0.49765625 0.12734375 0.10625 0.1140625
0 0.79921875 0.22421875 0.096875 0.1109375
0 0.18515625 0.465625 0.2625 0.2453125
0 0.271875 0.14140625 0.2875 0.2828125
0 0.58203125 0.2265625 0.2671875 0.25625
0 0.87890625 0.33125 0.2421875 0.265625
0 0.79375 0.64765625 0.265625 0.25
0 0.4828125 0.55859375 0.240625 0.2328125
0 0.6125 0.815625 0.103125 0.1125
0 0.70625 0.89140625 0.271875 0.2171875